#p cndo test force
 
Gaussian Test Job 734 (Part 1):
Dimethyl Trisulfide, CNDO with d functions, default method
 
0,1
C
S,1,dcs12
S,2,dss23,1,a321
S,3,dss34,2,a432,1,t4321,0
C,4,dsc45,3,a543,2,t5432,0
H,1,dch16,2,a612,3,t6123,0
H,1,dch17,2,a712,3,t7123,0
H,1,dch18,2,a812,3,t8123,0
H,5,dch59,4,a954,3,t9543,0
H,5,dch105,4,a1054,3,t10543,0
H,5,dch115,4,a1154,3,t11543,0
 
dcs12=1.887433
dss23=2.247421
dss34=2.24775
dsc45=1.887491
dch16=1.077196
dch17=1.076227
dch18=1.079883
dch59=1.077197
dch105=1.079884
dch115=1.076216
a321=99.08551
a432=100.964324
a543=99.077934
a612=108.580806
a712=108.94453
a812=105.797141
a954=108.579024
a1054=105.79612
a1154=108.943551
t4321=74.197279
t5432=74.186551
t6123=-59.531199
t7123=62.292015
t8123=-178.389134
t9543=-59.502322
t10543=-178.358717
t11543=62.321639
 
--Link1--
#p cndo test force scf=conventional
 
Gaussian Test Job 734 (Part 2):
Dimethyl Trisulfide, CNDO with d functions, conventional SCF
 
0,1
C
S,1,dcs12
S,2,dss23,1,a321
S,3,dss34,2,a432,1,t4321,0
C,4,dsc45,3,a543,2,t5432,0
H,1,dch16,2,a612,3,t6123,0
H,1,dch17,2,a712,3,t7123,0
H,1,dch18,2,a812,3,t8123,0
H,5,dch59,4,a954,3,t9543,0
H,5,dch105,4,a1054,3,t10543,0
H,5,dch115,4,a1154,3,t11543,0
 
dcs12=1.887433
dss23=2.247421
dss34=2.24775
dsc45=1.887491
dch16=1.077196
dch17=1.076227
dch18=1.079883
dch59=1.077197
dch105=1.079884
dch115=1.076216
a321=99.08551
a432=100.964324
a543=99.077934
a612=108.580806
a712=108.94453
a812=105.797141
a954=108.579024
a1054=105.79612
a1154=108.943551
t4321=74.197279
t5432=74.186551
t6123=-59.531199
t7123=62.292015
t8123=-178.389134
t9543=-59.502322
t10543=-178.358717
t11543=62.321639
 
--Link1--
#p cndo test force use=l402
 
Gaussian Test Job 734 (Part 1):
Dimethyl Trisulfide, CNDO with d functions using l402
 
0,1
C
S,1,dcs12
S,2,dss23,1,a321
S,3,dss34,2,a432,1,t4321,0
C,4,dsc45,3,a543,2,t5432,0
H,1,dch16,2,a612,3,t6123,0
H,1,dch17,2,a712,3,t7123,0
H,1,dch18,2,a812,3,t8123,0
H,5,dch59,4,a954,3,t9543,0
H,5,dch105,4,a1054,3,t10543,0
H,5,dch115,4,a1154,3,t11543,0
 
dcs12=1.887433
dss23=2.247421
dss34=2.24775
dsc45=1.887491
dch16=1.077196
dch17=1.076227
dch18=1.079883
dch59=1.077197
dch105=1.079884
dch115=1.076216
a321=99.08551
a432=100.964324
a543=99.077934
a612=108.580806
a712=108.94453
a812=105.797141
a954=108.579024
a1054=105.79612
a1154=108.943551
t4321=74.197279
t5432=74.186551
t6123=-59.531199
t7123=62.292015
t8123=-178.389134
t9543=-59.502322
t10543=-178.358717
t11543=62.321639
 
