#p HF/3-21G pop=hirshfeld test

Gaussian Test Job 1045 (Part 1):
molecule with better cm5 test

          0           1
 8       0.575060000     1.450347000     0.372022000
16       0.400962000     0.234236000    -0.417622000
 8      -0.810116000    -0.678699000     0.250419000
 6       1.636296000    -0.933062000     0.155608000
 6      -2.107491000    -0.138776000     0.013256000
 1       1.482325000    -1.898705000    -0.317371000
 1       1.546673000    -1.012329000     1.235936000
 1       2.609792000    -0.532726000    -0.113015000
 1      -2.816046000    -0.852925000     0.421907000
 1      -2.299188000    -0.013970000    -1.054869000
 1      -2.231338000     0.820711000     0.516659000

--Link1--
#p HF/3-21G pop=hirshfeld test

Gaussian Test Job 1045 (Part 2):
molecule with better cm5 test, permuted atoms

          0           1
 1       1.482325000    -1.898705000    -0.317371000
 1       1.546673000    -1.012329000     1.235936000
 1       2.609792000    -0.532726000    -0.113015000
 1      -2.816046000    -0.852925000     0.421907000
 1      -2.299188000    -0.013970000    -1.054869000
 1      -2.231338000     0.820711000     0.516659000
 6       1.636296000    -0.933062000     0.155608000
 6      -2.107491000    -0.138776000     0.013256000
 8      -0.810116000    -0.678699000     0.250419000
 8       0.575060000     1.450347000     0.372022000
16       0.400962000     0.234236000    -0.417622000

